83
34
300000
2020
1
2
15
60
0
0
82
300000
2020
1
3
15
70
0
1
N19DCCN001 -1 
5
300000
2020
1
1
20
60
0
0
35
500000
2020
1
3
15
30
0
0
4
500000
2020
1
1
15
70
1
16
N19DTVT001 1.1 N19DTVT002 2.2 N20DCCN001 3.3 N20DCCN002 4.4 N20DCCN003 5.5 N20DCCN006 6.6 N20DCCN008 7.7 N20DCCN009 8.8 N20DCCN010 9.9 N20DCCN011 10 N20DCCN012 -1 N20DCCN013 -1 N20DCCN014 -1 N20DCCN015 -1 N20DCCN081 -1 N20DCCN082 -1 
23
812514
2020
1
1
15
70
0
1
N19DCCN001 -1 
24
812514
2020
1
2
15
60
0
0
1
750003
2020
1
1
10
80
1
11
N19DCCN001 2 N19DCCN002 0 N19DCCN003 10 N19DCCN004 5.5 N19DCCN005 7.3 N19DCCN006 4.2 N19DCCN007 4 N19DCCN008 6 N19DCCN009 9 N19DCCN010 5 N19DCCN011 3 
3
750003
2020
1
3
15
80
0
0
6
750003
2020
1
4
20
50
0
0
83
750003
2021
1
1
10
50
0
0
84
750003
2021
1
2
2
50
1
2
N19DCCN159 10 N19DCCN214 8.5 
2
750003
2020
1
2
20
80
0
0
7
125000
2020
1
1
10
70
0
0
8
125000
2020
1
2
15
70
0
0
9
225001
2020
1
1
5
40
1
16
N19DTVT001 -1 N19DTVT002 -1 N20DCCN001 -1 N20DCCN002 -1 N20DCCN003 -1 N20DCCN006 -1 N20DCCN008 -1 N20DCCN009 -1 N20DCCN010 -1 N20DCCN011 -1 N20DCCN012 -1 N20DCCN013 -1 N20DCCN014 -1 N20DCCN015 -1 N20DCCN081 -1 N20DCCN082 -1 
10
225001
2020
1
2
5
40
0
0
26
862515
2020
1
1
15
70
0
0
56
862515
2020
1
2
15
70
0
0
37
606270
2020
1
1
15
70
1
15
N19DTVT001 -1 N19DTVT002 -1 N20DCCN002 -1 N20DCCN003 -1 N20DCCN006 -1 N20DCCN008 -1 N20DCCN009 -1 N20DCCN010 -1 N20DCCN011 -1 N20DCCN012 -1 N20DCCN013 -1 N20DCCN014 -1 N20DCCN015 -1 N20DCCN081 -1 N20DCCN082 -1 
27
581269
2020
1
1
15
70
1
15
N19DTVT001 -1 N19DTVT002 -1 N20DCCN002 -1 N20DCCN003 -1 N20DCCN006 -1 N20DCCN008 -1 N20DCCN009 -1 N20DCCN010 -1 N20DCCN011 -1 N20DCCN012 -1 N20DCCN013 -1 N20DCCN014 -1 N20DCCN015 -1 N20DCCN081 -1 N20DCCN082 -1 
77
556268
2020
1
1
15
70
1
15
N19DTVT001 -1 N19DTVT002 -1 N20DCCN002 -1 N20DCCN003 -1 N20DCCN006 -1 N20DCCN008 -1 N20DCCN009 -1 N20DCCN010 -1 N20DCCN011 -1 N20DCCN012 -1 N20DCCN013 -1 N20DCCN014 -1 N20DCCN015 -1 N20DCCN081 -1 N20DCCN082 -1 
22
593769
2020
1
2
15
70
0
0
14
593769
2020
1
1
15
50
0
4
N19DTVT001 -1 N20DCCN013 -1 N20DCCN014 -1 N20DCCN015 -1 
19
825007
2020
1
1
15
60
0
4
N19DTVT001 -1 N20DCCN013 -1 N20DCCN014 -1 N20DCCN015 -1 
28
825007
2020
1
2
100
800
0
0
15
725006
2020
1
1
15
60
0
3
N19DCCN001 -1 N20DCCN013 -1 N20DCCN014 -1 
43
775006
2020
1
1
5
70
0
0
38
662511
2020
1
1
15
70
0
0
41
493765
2020
1
1
150
200
0
0
20
800001
2020
1
1
15
70
0
0
48
612510
2020
1
2
15
70
0
0
12
612510
2020
1
1
15
60
0
0
16
412506
2020
1
1
5
70
0
0
49
412506
2020
1
4
15
780
0
0
36
412506
2020
1
2
15
70
0
0
44
412506
2020
1
3
20
60
0
0
42
293757
2020
1
2
15
80
0
0
68
293757
2020
1
5
20
60
0
0
17
293757
2020
1
1
50
100
0
0
21
362505
2020
1
1
15
30
0
1
N20DCCN014 -1 
18
256256
2020
1
1
80
110
0
0
39
256256
2020
1
2
20
70
0
0
40
875007
2020
1
1
15
80
0
0
29
350001
2020
1
1
50
80
0
0
51
531267
2020
1
1
15
70
0
0
46
550002
2020
1
2
15
70
0
0
69
550002
2020
1
3
20
60
0
0
25
550002
2020
1
1
15
70
0
0
45
312504
2020
1
1
15
70
0
0
13
587509
2020
1
1
15
30
0
0
50
587509
2020
1
2
15
70
0
0
52
687511
2020
1
1
15
70
0
0
58
156252
2020
1
1
15
70
0
0
59
156252
2020
1
2
15
780
0
0
67
243755
2020
1
1
15
70
0
0
70
568768
2020
1
2
15
70
0
0
30
568768
2020
1
1
15
70
0
0
55
387505
2020
1
1
15
70
0
0
63
475003
2020
1
1
15
70
0
0
31
525004
2020
1
1
15
70
0
0
76
643771
2020
1
1
15
70
0
0
80
643771
2020
1
3
15
70
0
0
81
712512
2020
1
1
15
70
0
0
60
168752
2020
1
1
15
70
0
0
57
112500
2020
1
1
15
70
0
0
64
112500
2020
1
5
20
70
0
0
47
193753
2020
1
1
150
200
0
0
62
193753
2020
1
2
15
70
0
0
71
193753
2020
1
3
15
70
0
0
53
543767
2020
1
1
15
70
0
0
54
487507
2020
1
1
15
80
0
0
65
737512
2020
1
1
150
200
0
0
75
737512
2020
1
3
20
60
0
0
61
437506
2020
1
1
15
70
0
0
32
887515
2020
1
1
15
80
0
0
33
131251
2020
1
1
15
70
0
0
78
368760
2020
1
1
15
70
0
0
66
306258
2020
1
1
15
70
0
0
72
331259
2020
1
1
15
70
0
0
74
262503
2020
1
1
150
200
0
0
73
287503
2020
1
1
15
70
0
0
79
637510
2020
1
1
15
70
0
0
